SELLA_DEV


C1
1 1 1 1 1 1
1 1 1 1 1 1
1 1 1 1 1 1
1 1 1 1 1 1
1 1 1 1 1 1
1 1 1 1 1 1

C3
1 1 0 1 1 0
1 1 0 1 1 0
0 0 0 0 0 0
1 1 0 1 1 0
1 1 0 1 1 0
0 0 0 0 0 0

C5
0 0 0 0 0 0
0 0 0 0 0 0
0 0 0 0 0 0
0 0 0 1 1 1
0 0 0 1 1 1
0 0 0 1 1 1

T1
1 1 0 1 1 0
1 1 0 1 1 0
0 0 1 0 0 1
1 1 0 1 1 0
1 1 0 1 1 0
0 0 1 0 0 1

T2
1 1 0 1 1 0
1 1 0 1 1 0
0 0 0 0 0 0
1 1 0 1 1 0
1 1 0 1 1 0
0 0 0 0 0 1

T5
0 0 0 0 0 0
0 0 0 0 0 0
0 0 0 0 0 0
0 0 0 1 1 0
0 0 0 1 1 0
0 0 0 0 0 1

R1
1 1 1 0 0 0
1 1 1 0 0 0
1 1 1 0 0 0
0 0 0 1 1 1
0 0 0 1 1 1
0 0 0 1 1 1

R3
1 1 0 0 1 0
1 1 0 0 1 0
0 0 0 0 0 0
0 0 0 1 0 0
1 1 0 0 1 0
0 0 0 0 0 0

O1A
1 1 0 1 1 0
1 1 0 1 1 0
0 0 1 0 0 0
1 1 0 1 1 0
1 1 0 1 1 0
0 0 0 0 0 1

O1B
1 0 0 1 0 0
0 1 0 0 1 0
0 0 1 0 0 1
1 0 0 1 0 0
0 1 0 0 1 0
0 0 1 0 0 1

O2
1 0 0 0 1 0
0 1 0 1 0 0
0 0 0 0 0 0
0 1 0 1 0 0
1 0 0 0 1 0
0 0 0 0 0 1

O3
1 0 0 1 0 0
0 1 0 0 1 0
0 0 0 0 0 0
1 0 0 1 0 0
0 1 0 0 1 0
0 0 0 0 0 0

O4
0 0 0 0 0 0
0 0 0 0 0 0
0 0 1 0 0 0
0 0 0 1 1 0
0 0 0 1 1 0
0 0 0 0 0 1

O5
0 0 0 0 0 0
0 0 0 0 0 0
0 0 0 0 0 0
0 0 0 1 0 0
0 0 0 0 1 0
0 0 0 0 0 1

M1A
1 1 0 0 0 0
1 1 0 0 0 0
0 0 1 0 0 0
0 0 0 1 1 0
0 0 0 1 1 0
0 0 0 0 0 1

M1B
1 0 0 1 0 0
0 1 0 0 1 0
0 0 1 0 0 0
1 0 0 1 0 0
0 1 0 0 1 0
0 0 0 0 0 1

M2B
1 0 0 1 0 0
0 1 0 0 1 0
0 0 0 0 0 0
1 0 0 1 0 0
0 1 0 0 1 0
0 0 0 0 0 1

M2A
1 0 0 0 0 0
0 1 0 1 0 0
0 0 0 0 0 0
0 1 0 1 0 0
0 0 0 0 1 0
0 0 0 0 0 1

M3
1 0 0 0 0 0
0 1 0 0 1 0
0 0 0 0 0 0
0 0 0 1 0 0
0 1 0 0 1 0
0 0 0 0 0 0

M4
0 0 0 0 0 0
0 0 0 0 0 0
0 0 1 0 0 0
0 0 0 1 0 0
0 0 0 0 1 0
0 0 0 0 0 1

A1
1 0 0 0 0 0
0 1 0 0 0 0
0 0 1 0 0 0
0 0 0 1 0 0
0 0 0 0 1 0
0 0 0 0 0 1

A2
1 0 0 0 0 0
0 1 0 0 0 0
0 0 0 0 0 0
0 0 0 1 0 0
0 0 0 0 1 0
0 0 0 0 0 1

A3
1 0 0 0 0 0
0 1 0 0 0 0
0 0 0 0 0 0
0 0 0 1 0 0
0 0 0 0 1 0
0 0 0 0 0 0

H4
0 0 0 0 0 0
0 0 0 0 0 0
0 0 1 1 1 0
0 0 1 1 1 0
0 0 1 1 1 0
0 0 0 0 0 1